<?xml version="1.0" encoding="UTF-8" standalone="no"?>
<!DOCTYPE svg PUBLIC "-//W3C//DTD SVG 20010904//EN"
              "http://www.w3.org/TR/2001/REC-SVG-20010904/DTD/svg10.dtd">

<svg xmlns="http://www.w3.org/2000/svg"
     width="7.11111in" height="7.11111in"
     viewBox="0 0 512 512">
  <path id="Sélection"
        fill="none" stroke="black" stroke-width="1"
        d="M 21.00,324.00
           C 25.07,320.77 34.99,315.92 40.00,313.14
             40.00,313.14 77.00,293.22 77.00,293.22
             77.00,293.22 149.00,255.26 149.00,255.26
             149.00,255.26 193.00,232.69 193.00,232.69
             193.00,232.69 239.00,207.75 239.00,207.75
             243.14,205.58 252.76,199.42 257.00,199.42
             260.21,199.42 265.98,202.74 269.00,204.25
             269.00,204.25 294.00,216.75 294.00,216.75
             294.00,216.75 386.00,265.69 386.00,265.69
             386.00,265.69 465.00,308.24 465.00,308.24
             465.00,308.24 485.00,318.25 485.00,318.25
             486.74,319.14 490.41,320.69 490.41,323.03
             490.41,325.44 486.79,327.24 485.00,328.22
             485.00,328.22 467.00,337.74 467.00,337.74
             467.00,337.74 422.00,360.75 422.00,360.75
             422.00,360.75 392.00,376.00 392.00,376.00
             392.00,376.00 354.00,395.26 354.00,395.26
             354.00,395.26 292.00,427.25 292.00,427.25
             292.00,427.25 267.00,440.25 267.00,440.25
             263.77,441.86 259.68,444.55 256.00,443.83
             256.00,443.83 236.00,434.25 236.00,434.25
             236.00,434.25 188.91,409.64 188.91,409.64
             188.91,409.64 83.00,355.74 83.00,355.74
             83.00,355.74 21.00,324.00 21.00,324.00 Z
           M 428.00,356.00
           C 428.00,356.00 427.00,356.00 427.00,356.00
             427.00,356.00 428.00,357.00 428.00,357.00
             428.00,357.00 428.00,356.00 428.00,356.00 Z
           M 123.00,374.00
           C 123.00,374.00 122.00,374.00 122.00,374.00
             122.00,374.00 123.00,375.00 123.00,375.00
             123.00,375.00 123.00,374.00 123.00,374.00 Z
           M 348.00,397.00
           C 348.00,397.00 347.00,397.00 347.00,397.00
             347.00,397.00 348.00,398.00 348.00,398.00
             348.00,398.00 348.00,397.00 348.00,397.00 Z" />
</svg>
